// MilkShape 3D ASCII

Frames: 30
Frame: 1

Meshes: 11
"Cabeça" 0 -1
96
0 0.000000 32.863064 -3.632087 0.000000 0.000000 -1
0 0.000000 30.722864 -4.372874 0.000000 0.000000 -1
0 -0.500059 30.751581 -4.174554 0.000000 0.000000 -1
0 0.036821 30.559338 -3.289476 0.000000 0.000000 -1
0 -0.861119 30.661352 -3.323738 0.000000 0.000000 -1
0 -0.697857 33.024582 -2.809823 0.000000 0.000000 -1
0 -1.954792 32.676052 -2.193125 0.000000 0.000000 -1
0 -1.995608 33.730350 -2.960175 0.000000 0.000000 -1
0 -2.893546 33.220108 -1.713471 0.000000 0.000000 -1
0 0.000000 28.912050 -3.123882 0.000000 0.000000 -1
0 -1.434217 28.860655 -2.887588 0.000000 0.000000 -1
0 -1.954793 30.635891 -2.901037 0.000000 0.000000 -1
0 -2.485392 31.927969 -1.850515 0.000000 0.000000 -1
0 0.000000 33.267086 -3.357998 0.000000 0.000000 -1
0 0.000000 33.805637 -3.513565 0.000000 0.000000 -1
0 0.000000 28.101656 -3.347530 0.000000 0.000000 -1
0 -1.049139 28.090412 -3.113141 0.000000 0.000000 -1
0 -2.020703 28.673168 -0.426640 0.000000 0.000000 -1
0 -3.294397 31.109982 0.465907 0.000000 0.000000 -1
0 -3.743381 32.624081 -0.011858 0.000000 0.000000 -1
0 -3.671271 33.240879 0.924624 0.000000 0.000000 -1
0 0.000000 35.003395 -3.320882 0.000000 0.000000 -1
0 0.000000 27.602926 -2.591885 0.000000 0.000000 -1
0 -0.999959 27.695871 -2.419629 0.000000 0.000000 -1
0 -1.612768 27.778067 -0.935698 0.000000 0.000000 -1
0 -1.995475 34.777542 -2.698553 0.000000 0.000000 -1
0 -4.116397 34.241058 1.292208 0.000000 0.000000 -1
0 -3.525935 32.677792 1.692641 0.000000 0.000000 -1
0 -3.573545 31.090954 1.492769 0.000000 0.000000 -1
0 -4.135458 32.545567 1.659308 0.000000 0.000000 -1
0 -4.128376 33.181393 1.057878 0.000000 0.000000 -1
0 0.000000 36.092579 -2.252865 0.000000 0.000000 -1
0 -2.419458 36.209713 -0.872462 0.000000 0.000000 -1
0 0.000000 37.027405 -0.107084 0.000000 0.000000 -1
0 -2.286128 36.476261 1.259620 0.000000 0.000000 -1
0 0.000000 36.747890 1.846887 0.000000 0.000000 -1
0 -2.362316 35.960529 3.025013 0.000000 0.000000 -1
0 0.000000 36.197300 3.268645 0.000000 0.000000 -1
0 -3.564029 35.441509 0.493507 0.000000 0.000000 -1
0 -3.544981 35.441509 1.692641 0.000000 0.000000 -1
0 -2.213007 31.517673 2.492063 0.000000 0.000000 -1
0 -2.608602 32.753586 3.191559 0.000000 0.000000 -1
0 -2.300916 34.164940 3.391414 0.000000 0.000000 -1
0 -2.256961 34.986309 3.557961 0.000000 0.000000 -1
0 -2.125097 29.231953 2.011790 0.000000 0.000000 -1
0 0.000000 35.372849 3.857745 0.000000 0.000000 -1
0 0.000000 34.121700 4.124219 0.000000 0.000000 -1
0 0.000000 32.738316 4.057600 0.000000 0.000000 -1
0 -2.169052 29.925770 4.990261 0.000000 0.000000 -1
0 0.000000 29.869823 5.723065 0.000000 0.000000 -1
0 0.000000 31.393068 3.591270 0.000000 0.000000 -1
0 0.000000 29.183636 2.789937 0.000000 0.000000 -1
0 -1.474430 28.130163 0.979316 0.000000 0.000000 -1
0 0.000000 27.648962 -1.744681 0.000000 0.000000 -1
0 0.000000 26.898558 3.342857 0.000000 0.000000 -1
0 -2.374538 26.662844 2.657143 0.000000 0.000000 -1
0 -1.904762 26.087923 -0.002597 0.000000 0.000000 -1
0 0.000000 26.379240 -1.542857 0.000000 0.000000 -1
0 0.000000 28.350742 2.127659 0.000000 0.000000 -1
0 0.500059 30.751581 -4.174554 0.000000 0.000000 -1
0 -0.036821 30.559338 -3.289476 0.000000 0.000000 -1
0 0.861119 30.661352 -3.323738 0.000000 0.000000 -1
0 1.995608 33.730350 -2.960175 0.000000 0.000000 -1
0 1.954792 32.676052 -2.193125 0.000000 0.000000 -1
0 0.697857 33.024582 -2.809823 0.000000 0.000000 -1
0 2.893546 33.220108 -1.713471 0.000000 0.000000 -1
0 1.434217 28.860655 -2.887588 0.000000 0.000000 -1
0 1.954793 30.635891 -2.901037 0.000000 0.000000 -1
0 2.485392 31.927969 -1.850515 0.000000 0.000000 -1
0 1.049139 28.090412 -3.113141 0.000000 0.000000 -1
0 2.020703 28.673168 -0.426640 0.000000 0.000000 -1
0 3.294397 31.109982 0.465907 0.000000 0.000000 -1
0 3.743381 32.624081 -0.011858 0.000000 0.000000 -1
0 3.671271 33.240879 0.924624 0.000000 0.000000 -1
0 0.999959 27.695871 -2.419629 0.000000 0.000000 -1
0 1.362768 27.878065 -0.985698 0.000000 0.000000 -1
0 1.951997 34.907974 -2.698553 0.000000 0.000000 -1
0 4.116397 34.241058 1.292208 0.000000 0.000000 -1
0 3.525935 32.677792 1.692641 0.000000 0.000000 -1
0 3.573545 31.090954 1.492769 0.000000 0.000000 -1
0 4.128376 33.181393 1.057878 0.000000 0.000000 -1
0 4.135458 32.545567 1.659308 0.000000 0.000000 -1
0 2.419458 36.209713 -0.872462 0.000000 0.000000 -1
0 2.286128 36.476261 1.259620 0.000000 0.000000 -1
0 2.362316 35.960529 3.025013 0.000000 0.000000 -1
0 3.564029 35.441509 0.493507 0.000000 0.000000 -1
0 3.544981 35.441509 1.692641 0.000000 0.000000 -1
0 2.213007 31.517673 2.492063 0.000000 0.000000 -1
0 2.608602 32.753586 3.191559 0.000000 0.000000 -1
0 2.300916 34.164940 3.391414 0.000000 0.000000 -1
0 2.256961 34.986309 3.557961 0.000000 0.000000 -1
0 2.125097 29.231953 2.011790 0.000000 0.000000 -1
0 2.169052 29.925770 4.990261 0.000000 0.000000 -1
0 1.224430 28.230162 0.929316 0.000000 0.000000 -1
0 2.374538 26.662844 2.657143 0.000000 0.000000 -1
0 1.904762 26.087923 -0.002597 0.000000 0.000000 -1
136
-0.679282 0.321324 -0.659793
-0.341685 -0.513366 -0.787215
-0.576776 -0.542453 -0.610798
-0.113784 -0.710513 -0.694424
-0.517041 -0.056228 -0.854112
-0.526838 -0.096614 -0.844457
-0.521916 -0.067968 -0.850285
-0.456157 -0.203890 -0.866228
-0.838129 -0.034297 -0.544393
-0.164938 0.084925 -0.982641
-0.454231 -0.110652 -0.883985
-0.781873 -0.063515 -0.620193
-0.735384 0.029999 -0.676987
-0.636604 0.104909 -0.764022
-0.361477 -0.221494 -0.905690
-0.195323 -0.155095 -0.968398
-0.617239 -0.552274 -0.560366
-0.898359 -0.421454 -0.123808
-0.887788 -0.361613 -0.284725
-0.897246 0.019904 -0.441081
-0.971734 -0.073366 -0.224390
-0.300797 0.363440 -0.881721
-0.124753 -0.932969 -0.337647
-0.500570 -0.772196 -0.391334
-0.947145 -0.125999 -0.295027
-0.668756 0.377440 -0.640550
-0.987198 0.030159 0.156625
-0.830173 -0.309796 0.463508
-0.822314 -0.365729 0.435937
-0.919293 -0.310592 -0.241729
-0.911507 -0.301286 -0.279966
-0.922984 -0.304267 -0.235631
-0.930418 -0.327693 -0.164133
-0.911683 -0.323120 -0.253825
-0.039646 0.497074 0.866802
-0.131108 0.372796 0.918604
-0.138077 0.933062 0.332161
-0.089220 0.986888 0.134508
-0.257106 0.816035 -0.517671
-0.027320 -0.124115 0.991892
-0.268841 0.771032 -0.577265
-0.476695 0.802995 -0.357717
-0.213091 0.969497 -0.121107
-0.421244 0.903433 0.079768
-0.155094 0.953972 0.256678
-0.602691 0.581873 0.546065
-0.164275 0.684785 0.709989
-0.823404 0.528340 -0.207034
-0.780441 0.581363 0.230064
-0.519683 -0.316221 0.793684
-0.538485 -0.151006 0.828994
-0.671563 -0.011649 0.740856
-0.412720 0.248734 0.876238
-0.622870 -0.522401 0.582349
-0.187169 0.395473 0.899204
-0.274245 -0.020835 0.961434
-0.308858 0.163108 0.937018
-0.270889 0.484701 0.831675
-0.268932 0.483612 0.832943
-0.382397 -0.391979 0.836735
-0.383375 -0.465441 0.797739
-0.889210 -0.091932 0.448168
-0.544369 -0.252762 -0.799858
-0.414911 0.674716 0.610415
-0.713151 0.670685 0.203952
-0.855474 -0.001291 -0.517843
-0.612375 -0.124104 -0.780766
-0.612970 -0.015240 0.789959
0.576776 -0.542453 -0.610798
0.341685 -0.513366 -0.787215
0.679282 0.321324 -0.659793
0.113784 -0.710513 -0.694424
0.517041 -0.056228 -0.854112
0.455224 -0.203717 -0.866759
0.521916 -0.067968 -0.850285
0.526838 -0.096614 -0.844457
0.838513 -0.031496 -0.543970
0.454231 -0.110652 -0.883985
0.164938 0.084925 -0.982641
0.781873 -0.063515 -0.620193
0.735384 0.029999 -0.676987
0.636604 0.104909 -0.764022
0.361477 -0.221494 -0.905690
0.195323 -0.155095 -0.968398
0.626432 -0.579225 -0.521614
0.851513 -0.514229 -0.102444
0.887788 -0.361613 -0.284725
0.897246 0.019904 -0.441081
0.971734 -0.073366 -0.224390
0.286314 0.361834 -0.887187
0.124753 -0.932969 -0.337647
0.575112 -0.719361 -0.389571
0.947725 -0.170624 -0.269639
0.662722 0.386004 -0.641717
0.987320 0.030004 0.155882
0.830173 -0.309796 0.463508
0.822314 -0.365729 0.435937
0.922984 -0.304267 -0.235631
0.911507 -0.301286 -0.279966
0.919293 -0.310592 -0.241729
0.930418 -0.327693 -0.164133
0.911683 -0.323120 -0.253825
0.138077 0.933062 0.332161
0.131108 0.372796 0.918604
0.039646 0.497074 0.866802
0.089220 0.986888 0.134508
0.257106 0.816035 -0.517671
0.027320 -0.124115 0.991892
0.250923 0.782287 -0.570144
0.472128 0.808769 -0.350697
0.213091 0.969497 -0.121107
0.421244 0.903433 0.079768
0.155094 0.953972 0.256678
0.164275 0.684785 0.709989
0.602691 0.581873 0.546065
0.823103 0.528562 -0.207663
0.780441 0.581363 0.230064
0.519683 -0.316221 0.793684
0.538485 -0.151006 0.828994
0.671563 -0.011649 0.740856
0.412720 0.248734 0.876238
0.580486 -0.575647 0.575905
0.187169 0.395473 0.899204
0.274245 -0.020835 0.961434
0.308858 0.163108 0.937018
0.270889 0.484701 0.831675
0.268932 0.483612 0.832943
0.382397 -0.391979 0.836735
0.412994 -0.477507 0.775514
0.884489 -0.141021 0.444739
0.540260 -0.211298 -0.814538
0.678739 0.709012 0.191352
0.449523 0.665877 0.595430
0.849277 0.076297 -0.522405
0.612375 -0.124104 -0.780766
0.699119 -0.006352 0.714977
180
0 0 1 2 0 1 2 1
0 1 3 2 1 3 2 1
0 2 3 4 2 3 4 1
0 0 2 4 0 2 4 1
0 5 6 7 5 6 7 1
0 7 6 8 7 6 8 1
0 3 9 10 3 9 10 1
0 3 10 4 3 10 4 1
0 4 10 11 4 10 11 1
0 0 4 5 0 4 5 1
0 5 4 6 5 4 6 1
0 6 4 11 6 4 11 1
0 6 11 12 6 11 12 1
0 6 12 8 6 12 8 1
0 13 0 5 13 0 5 1
0 14 13 5 14 13 5 1
0 14 5 7 14 5 7 1
0 9 15 10 9 15 10 1
0 10 15 16 10 15 16 1
0 10 16 17 10 16 17 1
0 10 17 11 10 17 11 1
0 11 17 18 11 17 18 1
0 8 12 19 8 12 19 1
0 12 11 19 12 11 19 1
0 19 11 18 19 11 18 1
0 8 19 20 8 19 20 1
0 21 14 7 21 14 7 1
0 15 22 16 15 22 16 1
0 16 22 23 16 22 23 1
0 16 23 24 16 23 24 1
0 16 24 17 16 24 17 1
0 21 7 25 21 7 25 1
0 25 7 8 25 7 8 1
0 8 26 25 8 26 25 1
0 26 8 20 26 8 20 1
0 26 20 27 26 20 27 1
0 18 17 28 18 17 28 1
0 18 29 30 29 30 31 1
0 30 19 18 31 32 29 1
0 18 28 29 29 33 30 1
0 29 27 20 34 35 36 2
0 29 20 30 34 36 37 2
0 30 20 19 37 36 38 2
0 28 27 29 39 35 34 2
0 31 21 25 40 21 25 1
0 31 25 32 40 25 41 1
0 33 31 32 42 40 41 1
0 34 33 32 43 42 41 1
0 35 33 34 44 42 43 1
0 35 36 37 44 45 46 1
0 35 34 36 44 43 45 1
0 25 38 32 25 47 41 1
0 34 32 38 43 41 47 1
0 38 39 34 47 48 43 1
0 34 39 36 43 48 45 1
0 26 38 25 26 47 25 1
0 38 26 39 47 26 48 1
0 39 26 36 48 26 45 1
0 27 28 40 27 28 49 1
0 27 40 41 27 49 50 1
0 27 41 26 27 50 26 1
0 26 41 42 26 50 51 1
0 26 42 36 26 51 45 1
0 36 42 43 45 51 52 1
0 37 36 43 46 45 52 1
0 28 17 44 28 17 53 1
0 28 44 40 28 53 49 1
0 37 43 45 46 52 54 1
0 45 43 46 54 52 55 1
0 42 46 43 51 55 52 1
0 46 42 41 55 51 50 1
0 46 41 47 55 50 56 1
0 41 48 47 50 57 56 1
0 47 48 49 56 57 58 1
0 47 41 50 56 50 59 1
0 50 41 40 59 50 49 1
0 50 40 51 59 49 60 1
0 40 44 51 49 53 60 1
0 51 44 52 60 53 61 1
0 52 44 17 61 53 17 1
0 52 17 24 61 17 24 1
0 53 23 22 62 23 22 1
0 53 23 24 62 23 24 1
0 54 52 55 63 61 64 1
0 55 52 56 64 61 65 1
0 56 52 24 65 61 24 1
0 56 24 53 65 24 62 1
0 57 56 53 66 65 62 1
0 54 58 52 63 67 61 1
0 51 52 58 60 61 67 1
0 59 1 0 68 69 70 1
0 59 60 1 68 71 69 1
0 61 60 59 72 71 68 1
0 61 59 0 72 68 70 1
0 62 63 64 73 74 75 1
0 65 63 62 76 74 73 1
0 66 9 60 77 78 71 1
0 61 66 60 72 77 71 1
0 67 66 61 79 77 72 1
0 64 61 0 75 72 70 1
0 63 61 64 74 72 75 1
0 67 61 63 79 72 74 1
0 68 67 63 80 79 74 1
0 65 68 63 76 80 74 1
0 64 0 13 75 70 81 1
0 64 13 14 75 81 82 1
0 62 64 14 73 75 82 1
0 66 15 9 77 83 78 1
0 69 15 66 84 83 77 1
0 70 69 66 85 84 77 1
0 67 70 66 79 85 77 1
0 71 70 67 86 85 79 1
0 72 68 65 87 80 76 1
0 72 67 68 87 79 80 1
0 71 67 72 86 79 87 1
0 73 72 65 88 87 76 1
0 62 14 21 73 82 89 1
0 69 22 15 84 90 83 1
0 74 22 69 91 90 84 1
0 75 74 69 92 91 84 1
0 70 75 69 85 92 84 1
0 76 62 21 93 73 89 1
0 65 62 76 76 73 93 1
0 76 77 65 93 94 76 1
0 73 65 77 88 76 94 1
0 78 73 77 95 88 94 1
0 79 70 71 96 85 86 1
0 80 81 71 97 98 99 1
0 71 72 80 99 100 97 1
0 81 79 71 98 101 99 1
0 73 78 81 102 103 104 2
0 80 73 81 105 102 104 2
0 72 73 80 106 102 105 2
0 81 78 79 104 103 107 2
0 76 21 31 93 89 108 1
0 82 76 31 109 93 108 1
0 82 31 33 109 108 110 1
0 82 33 83 109 110 111 1
0 83 33 35 111 110 112 1
0 37 84 35 113 114 112 1
0 84 83 35 114 111 112 1
0 82 85 76 109 115 93 1
0 85 82 83 115 109 111 1
0 83 86 85 111 116 115 1
0 84 86 83 114 116 111 1
0 76 85 77 93 115 94 1
0 86 77 85 116 94 115 1
0 84 77 86 114 94 116 1
0 87 79 78 117 96 95 1
0 88 87 78 118 117 95 1
0 77 88 78 94 118 95 1
0 89 88 77 119 118 94 1
0 84 89 77 114 119 94 1
0 90 89 84 120 119 114 1
0 90 84 37 120 114 113 1
0 91 70 79 121 85 96 1
0 87 91 79 117 121 96 1
0 45 90 37 122 120 113 1
0 46 90 45 123 120 122 1
0 90 46 89 120 123 119 1
0 88 89 46 118 119 123 1
0 47 88 46 124 118 123 1
0 47 92 88 124 125 118 1
0 49 92 47 126 125 124 1
0 50 88 47 127 118 124 1
0 87 88 50 117 118 127 1
0 51 87 50 128 117 127 1
0 51 91 87 128 121 117 1
0 93 91 51 129 121 128 1
0 70 91 93 85 121 129 1
0 75 70 93 92 85 129 1
0 22 74 53 90 91 130 1
0 75 74 53 92 91 130 1
0 94 93 54 131 129 132 1
0 95 93 94 133 129 131 1
0 75 93 95 92 129 133 1
0 53 75 95 130 92 133 1
0 53 95 57 130 133 134 1
0 93 58 54 129 135 132 1
0 58 93 51 135 129 128 1
"Mao Direita" 0 -1
33
0 -10.735320 -0.513755 2.806824 0.000000 0.000000 -1
0 -10.737113 1.390875 2.806800 0.000000 0.000000 -1
0 -11.807429 1.411621 3.570533 0.000000 0.000000 -1
0 -12.598162 -1.686545 3.570557 0.000000 0.000000 -1
0 -12.813667 1.393467 2.789640 0.000000 0.000000 -1
0 -13.574124 -1.189839 2.789612 0.000000 0.000000 -1
0 -12.800023 1.398405 1.557692 0.000000 0.000000 -1
0 -13.560452 -1.184957 1.557678 0.000000 0.000000 -1
0 -11.795790 1.410710 0.538461 0.000000 0.000000 -1
0 -12.578550 -1.668710 0.038452 0.000000 0.000000 -1
0 -10.744047 1.399441 1.625000 0.000000 0.000000 -1
0 -10.948009 -0.511861 1.625000 0.000000 0.000000 -1
0 -10.813285 -2.138329 2.806824 0.000000 0.000000 -1
0 -10.941217 -2.184797 1.034091 0.000000 0.000000 -1
0 -9.977347 -1.830400 1.807059 0.000000 0.000000 -1
0 -10.053673 -1.779269 2.587451 0.000000 0.000000 -1
0 -10.236648 -4.229303 1.781863 0.000000 0.000000 -1
0 -9.414089 -4.112136 1.669777 0.000000 0.000000 -1
0 -9.356857 -4.102717 2.744336 0.000000 0.000000 -1
0 -10.350655 -4.228550 2.649961 0.000000 0.000000 -1
0 -9.813917 -4.604077 2.211487 0.000000 0.000000 -1
0 -12.317083 -7.676012 1.098734 0.000000 0.000000 -1
0 -11.546543 -7.672196 0.362499 0.000000 0.000000 -1
0 -12.328558 -7.684862 1.943571 0.000000 0.000000 -1
0 -10.978027 -7.626418 1.166056 0.000000 0.000000 -1
0 -11.561907 -7.698763 2.860879 0.000000 0.000000 -1
0 -10.588446 -7.603270 1.960783 0.000000 0.000000 -1
0 -13.572986 -4.849299 1.375860 0.000000 0.000000 -1
0 -13.120637 -4.662231 0.038452 0.000000 0.000000 -1
0 -13.584481 -4.858168 2.607794 0.000000 0.000000 -1
0 -11.779375 -4.708818 1.443182 0.000000 0.000000 -1
0 -11.117049 -4.640214 2.625006 0.000000 0.000000 -1
0 -13.090518 -4.762093 3.570557 0.000000 0.000000 -1
51
0.892642 -0.022467 0.450205
0.645168 -0.747355 0.158805
0.079388 -0.753922 0.652149
-0.022550 0.017325 0.999596
-0.614117 -0.647655 0.451003
-0.914730 0.149032 0.375579
-0.744672 -0.637533 -0.197524
-0.933439 0.144498 -0.328347
-0.182551 -0.778298 -0.600773
-0.160833 0.067535 -0.984668
0.598311 -0.729534 -0.331368
0.961454 -0.030265 -0.273294
0.631820 -0.174661 0.755180
0.690274 -0.333339 -0.642189
0.759732 0.453672 -0.465820
0.755138 0.496854 -0.427671
0.548017 0.280564 -0.788011
0.773690 0.322168 0.545537
0.283359 -0.013599 0.958917
0.846006 -0.432587 0.311676
0.384830 -0.670260 -0.634553
-0.299782 -0.564971 -0.768726
0.655871 0.088830 -0.749628
0.807261 -0.269794 -0.524920
0.875011 0.264675 0.405343
0.562878 -0.321182 0.761584
-0.690382 -0.593048 0.414328
0.015505 -0.745876 -0.665905
0.756581 -0.652986 -0.034572
0.030051 -0.740706 0.671157
-0.614492 -0.784855 -0.080020
-0.174095 -0.914860 -0.364309
-0.170958 -0.976779 -0.129139
-0.005123 -0.999931 -0.010544
0.027967 -0.999555 -0.010417
-0.005246 -0.999930 -0.010605
0.090007 -0.995875 -0.011502
0.058273 -0.998237 -0.011235
0.085710 -0.996235 -0.012998
-0.961986 -0.168159 -0.215189
-0.159266 -0.198066 -0.967163
-0.936086 -0.241678 0.255606
0.855362 0.019688 -0.517656
0.944528 0.037571 0.326274
-0.163420 -0.103955 0.981064
-0.842264 -0.404106 -0.356778
0.407437 0.077122 -0.909971
-0.879659 -0.436183 0.189592
0.827660 0.265097 -0.494675
0.847546 0.127834 0.515096
-0.380541 -0.374882 0.845371
62
0 0 1 2 0 1 2 2
0 0 2 3 0 2 3 2
0 3 2 4 3 2 4 2
0 3 4 5 3 4 5 2
0 5 4 6 5 4 6 2
0 5 6 7 5 6 7 2
0 7 6 8 7 6 8 2
0 7 8 9 7 8 9 2
0 9 8 10 9 8 10 2
0 9 10 11 9 10 11 2
0 11 10 1 11 10 1 2
0 11 1 0 11 1 0 2
0 12 0 3 12 0 3 2
0 13 11 0 13 11 0 2
0 13 0 12 13 0 12 2
0 11 14 13 14 15 16 1
0 0 12 15 17 18 19 1
0 0 15 11 17 19 14 1
0 11 15 14 14 19 15 1
0 11 13 9 14 16 20 1
0 16 13 14 21 13 22 2
0 16 14 17 21 22 23 2
0 17 14 15 23 22 24 2
0 17 15 18 23 24 25 2
0 18 15 12 25 24 12 2
0 18 12 19 25 12 26 2
0 19 12 13 26 12 13 2
0 19 13 16 26 13 21 2
0 20 16 17 27 21 23 2
0 20 17 18 28 23 25 2
0 20 18 19 29 25 26 2
0 20 19 16 30 26 21 2
0 15 3 5 19 31 32 1
0 9 15 5 20 19 32 1
0 21 22 23 33 34 35 1
0 22 24 25 34 36 37 1
0 24 26 25 36 38 37 1
0 23 22 25 35 34 37 1
0 27 7 9 39 7 9 2
0 27 9 28 39 9 40 2
0 29 5 7 41 5 7 2
0 29 7 27 41 7 39 2
0 28 9 13 40 9 13 2
0 28 13 30 40 13 42 2
0 30 13 12 42 13 12 2
0 30 12 31 42 12 43 2
0 31 12 3 43 12 3 2
0 31 3 32 43 3 44 2
0 32 3 5 44 3 5 2
0 32 5 29 44 5 41 2
0 21 27 28 45 39 40 2
0 21 28 22 45 40 46 2
0 23 29 27 47 41 39 2
0 23 27 21 47 39 45 2
0 22 28 30 46 40 42 2
0 22 30 24 46 42 48 2
0 24 30 31 48 42 43 2
0 24 31 26 48 43 49 2
0 26 31 32 49 43 44 2
0 26 32 25 49 44 50 2
0 25 32 29 50 44 41 2
0 25 29 23 50 41 47 2
"Mao Esquerda" 0 -1
33
0 11.807429 1.411621 3.570533 0.000000 0.000000 -1
0 10.737113 1.390875 2.806800 0.000000 0.000000 -1
0 10.735320 -0.513755 2.806824 0.000000 0.000000 -1
0 12.657166 1.398405 1.557692 0.000000 0.000000 -1
0 12.670810 1.393467 2.789640 0.000000 0.000000 -1
0 13.574124 -1.189839 2.789612 0.000000 0.000000 -1
0 11.795790 1.410710 0.538461 0.000000 0.000000 -1
0 13.560452 -1.184957 1.557678 0.000000 0.000000 -1
0 10.744047 1.399441 1.625000 0.000000 0.000000 -1
0 10.948009 -0.511861 1.625000 0.000000 0.000000 -1
0 12.598162 -1.686545 3.570557 0.000000 0.000000 -1
0 12.578550 -1.668710 0.038452 0.000000 0.000000 -1
0 10.813285 -2.138329 2.806824 0.000000 0.000000 -1
0 10.941217 -2.184797 1.034091 0.000000 0.000000 -1
0 9.977347 -1.830400 1.807059 0.000000 0.000000 -1
0 10.053673 -1.779269 2.587451 0.000000 0.000000 -1
0 10.236648 -4.229303 1.781863 0.000000 0.000000 -1
0 9.414089 -4.112136 1.669777 0.000000 0.000000 -1
0 9.356857 -4.102717 2.744336 0.000000 0.000000 -1
0 10.350655 -4.228550 2.649961 0.000000 0.000000 -1
0 9.813917 -4.604077 2.211487 0.000000 0.000000 -1
0 12.328558 -7.684862 1.943571 0.000000 0.000000 -1
0 11.546543 -7.672196 0.362499 0.000000 0.000000 -1
0 12.317083 -7.676012 1.098734 0.000000 0.000000 -1
0 11.561907 -7.698763 2.860879 0.000000 0.000000 -1
0 10.978027 -7.626418 1.166056 0.000000 0.000000 -1
0 10.588446 -7.603270 1.960783 0.000000 0.000000 -1
0 13.572986 -4.849299 1.375860 0.000000 0.000000 -1
0 13.120637 -4.662231 0.038452 0.000000 0.000000 -1
0 13.584481 -4.858168 2.607794 0.000000 0.000000 -1
0 11.779375 -4.708818 1.443182 0.000000 0.000000 -1
0 11.117049 -4.640214 2.625006 0.000000 0.000000 -1
0 13.090518 -4.762093 3.570557 0.000000 0.000000 -1
51
-0.065654 -0.759998 0.646601
-0.645168 -0.747355 0.158805
-0.892642 -0.022467 0.450205
0.768132 -0.613253 -0.184103
0.629644 -0.636297 0.445729
0.909913 0.172158 0.377385
0.197571 -0.779452 -0.594492
0.934893 0.161845 -0.315882
-0.598311 -0.729534 -0.331368
-0.961454 -0.030265 -0.273294
0.030030 0.024342 0.999253
0.160833 0.067535 -0.984668
-0.631820 -0.174661 0.755180
-0.690274 -0.333339 -0.642189
-0.548017 0.280564 -0.788011
-0.755138 0.496854 -0.427671
-0.759732 0.453672 -0.465820
-0.846006 -0.432587 0.311676
-0.283359 -0.013599 0.958917
-0.773690 0.322168 0.545537
-0.384830 -0.670260 -0.634553
-0.655871 0.088830 -0.749628
0.299782 -0.564971 -0.768726
-0.807261 -0.269794 -0.524920
-0.875011 0.264675 0.405343
-0.562878 -0.321182 0.761584
0.690382 -0.593048 0.414328
-0.015505 -0.745876 -0.665905
-0.756581 -0.652986 -0.034572
-0.030051 -0.740706 0.671157
0.614492 -0.784855 -0.080020
0.170958 -0.976779 -0.129139
0.174095 -0.914860 -0.364309
0.005246 -0.999930 -0.010605
-0.027967 -0.999555 -0.010417
0.005123 -0.999931 -0.010544
-0.058273 -0.998237 -0.011235
-0.090007 -0.995875 -0.011502
-0.085710 -0.996235 -0.012998
0.961986 -0.168159 -0.215189
0.159266 -0.198066 -0.967163
0.936086 -0.241678 0.255606
-0.855362 0.019688 -0.517656
-0.944528 0.037571 0.326274
0.163420 -0.103955 0.981064
0.842264 -0.404106 -0.356778
-0.407437 0.077122 -0.909971
0.879659 -0.436183 0.189592
-0.827660 0.265097 -0.494675
-0.847546 0.127834 0.515096
0.380541 -0.374882 0.845371
62
0 0 1 2 0 1 2 2
0 3 4 5 3 4 5 2
0 6 3 7 6 3 7 2
0 1 8 9 1 8 9 2
0 10 0 2 10 0 2 2
0 4 0 10 4 0 10 2
0 5 4 10 5 4 10 2
0 7 3 5 7 3 5 2
0 11 6 7 11 6 7 2
0 8 6 11 8 6 11 2
0 9 8 11 9 8 11 2
0 2 1 9 2 1 9 2
0 10 2 12 10 2 12 2
0 2 9 13 2 9 13 2
0 12 2 13 12 2 13 2
0 13 14 9 14 15 16 1
0 15 12 2 17 18 19 1
0 9 15 2 16 17 19 1
0 14 15 9 15 17 16 1
0 11 13 9 20 14 16 1
0 14 13 16 21 13 22 2
0 17 14 16 23 21 22 2
0 15 14 17 24 21 23 2
0 18 15 17 25 24 23 2
0 12 15 18 12 24 25 2
0 19 12 18 26 12 25 2
0 13 12 19 13 12 26 2
0 16 13 19 22 13 26 2
0 17 16 20 23 22 27 2
0 18 17 20 25 23 28 2
0 19 18 20 26 25 29 2
0 16 19 20 22 26 30 2
0 5 10 15 31 32 17 1
0 5 15 11 31 17 20 1
0 21 22 23 33 34 35 1
0 24 25 22 36 37 34 1
0 24 26 25 36 38 37 1
0 24 22 21 36 34 33 1
0 11 7 27 11 7 39 2
0 28 11 27 40 11 39 2
0 7 5 29 7 5 41 2
0 27 7 29 39 7 41 2
0 13 11 28 13 11 40 2
0 30 13 28 42 13 40 2
0 12 13 30 12 13 42 2
0 31 12 30 43 12 42 2
0 10 12 31 10 12 43 2
0 32 10 31 44 10 43 2
0 5 10 32 5 10 44 2
0 29 5 32 41 5 44 2
0 28 27 23 40 39 45 2
0 22 28 23 46 40 45 2
0 27 29 21 39 41 47 2
0 23 27 21 45 39 47 2
0 30 28 22 42 40 46 2
0 25 30 22 48 42 46 2
0 31 30 25 43 42 48 2
0 26 31 25 49 43 48 2
0 32 31 26 44 43 49 2
0 24 32 26 50 44 49 2
0 29 32 24 41 44 50 2
0 21 29 24 47 41 50 2
"Braço Direito" 0 -1
33
0 -13.534540 1.501135 4.174255 0.000000 0.000000 -1
0 -12.339023 10.658398 0.750000 0.000000 0.000000 -1
0 -13.530525 1.408039 0.750000 0.000000 0.000000 -1
0 -12.813667 1.393467 2.789640 0.000000 0.000000 -1
0 -12.800023 1.398405 1.557692 0.000000 0.000000 -1
0 -9.883332 22.222773 0.750000 0.000000 0.000000 -1
0 -7.500000 22.029587 -1.492424 0.000000 0.000000 -1
0 -8.566665 20.972771 -0.500000 0.000000 0.000000 -1
0 -6.583333 24.889439 0.833333 0.000000 0.000000 -1
0 -9.874999 22.206104 3.757576 0.000000 0.000000 -1
0 -6.750000 24.593981 4.045455 0.000000 0.000000 -1
0 -8.524999 20.972775 4.916667 0.000000 0.000000 -1
0 -7.541667 19.931107 -0.333333 0.000000 0.000000 -1
0 -6.739528 19.493460 4.306821 0.000000 0.000000 -1
0 -7.860221 11.830700 3.527978 0.000000 0.000000 -1
0 -10.190701 12.442070 4.916687 0.000000 0.000000 -1
0 -11.986161 13.024018 4.174255 0.000000 0.000000 -1
0 -12.003211 12.932458 0.750000 0.000000 0.000000 -1
0 -10.230772 12.430579 -0.500000 0.000000 0.000000 -1
0 -7.974177 11.970429 0.500020 0.000000 0.000000 -1
0 -8.069364 10.098572 3.527978 0.000000 0.000000 -1
0 -10.576009 10.479879 4.916687 0.000000 0.000000 -1
0 -12.344665 10.751409 4.174255 0.000000 0.000000 -1
0 -10.612084 10.459058 -0.500000 0.000000 0.000000 -1
0 -8.327847 10.063919 0.500020 0.000000 0.000000 -1
0 -9.392888 1.492781 3.652978 0.000000 0.000000 -1
0 -11.701645 1.411645 4.916687 0.000000 0.000000 -1
0 -11.738077 1.391457 -0.500000 0.000000 0.000000 -1
0 -9.370967 1.537879 0.625020 0.000000 0.000000 -1
0 -10.737113 1.390875 2.806800 0.000000 0.000000 -1
0 -11.807429 1.411621 3.570533 0.000000 0.000000 -1
0 -11.795790 1.410710 0.538461 0.000000 0.000000 -1
0 -10.744047 1.399441 1.625000 0.000000 0.000000 -1
39
-0.661671 -0.701908 0.263661
-0.878086 0.125497 -0.461753
-0.580717 -0.700198 -0.415318
-0.614117 -0.647655 0.451003
-0.744672 -0.637533 -0.197524
-0.684279 0.536528 -0.493863
-0.656081 0.161742 -0.737155
-0.528533 -0.233090 -0.816285
-0.506041 0.829515 -0.236279
-0.599597 0.728201 0.331974
-0.291385 0.559683 0.775790
-0.007569 0.237411 0.971380
-0.805362 -0.331386 -0.491503
-0.675247 -0.087527 0.732380
0.846206 -0.147773 0.511955
0.936495 -0.146365 0.318677
0.048337 -0.042514 0.997926
0.032238 0.011015 0.999420
-0.727350 0.175684 0.663399
-0.809682 0.172068 0.561077
-0.934610 0.213946 -0.284134
-0.875123 0.159861 -0.456732
-0.366569 0.078666 -0.927059
-0.145464 0.015461 -0.989243
0.581835 -0.083374 -0.809022
0.799842 -0.128033 -0.586396
0.867531 -0.119308 0.482862
0.057037 -0.006459 0.998351
-0.823510 0.117357 0.555031
-0.105173 0.011429 -0.994388
0.811176 -0.118707 -0.572628
0.504789 -0.758853 0.411498
-0.070742 -0.729068 0.680775
0.081913 -0.758003 -0.647087
0.598456 -0.765160 -0.237446
0.645168 -0.747355 0.158805
0.079388 -0.753922 0.652149
-0.182551 -0.778298 -0.600773
0.598311 -0.729534 -0.331368
55
0 0 1 2 0 1 2 2
0 3 0 2 3 0 2 2
0 3 2 4 3 2 4 2
0 5 6 7 5 6 7 1
0 8 6 5 8 6 5 1
0 8 5 9 8 5 9 1
0 8 9 10 8 9 10 1
0 10 9 11 10 9 11 1
0 6 12 7 6 12 7 1
0 13 10 11 13 10 11 1
0 14 13 11 14 15 16 2
0 14 11 15 14 16 17 2
0 15 11 9 17 16 18 2
0 15 9 16 17 18 19 2
0 16 9 5 19 18 20 2
0 16 5 17 19 20 21 2
0 17 5 7 21 20 22 2
0 17 7 18 21 22 23 2
0 18 7 12 23 22 24 2
0 18 12 19 23 24 25 2
0 19 12 13 25 24 15 2
0 19 13 14 25 15 14 2
0 20 14 15 26 14 17 2
0 20 15 21 26 17 27 2
0 21 15 16 27 17 19 2
0 21 16 22 27 19 28 2
0 22 16 17 28 19 21 2
0 22 17 1 28 21 1 2
0 1 17 18 1 21 23 2
0 1 18 23 1 23 29 2
0 23 18 19 29 23 25 2
0 23 19 24 29 25 30 2
0 24 19 14 30 25 14 2
0 24 14 20 30 14 26 2
0 25 20 21 31 26 27 2
0 25 21 26 31 27 32 2
0 26 21 22 32 27 28 2
0 26 22 0 32 28 0 2
0 0 22 1 0 28 1 2
0 2 1 23 2 1 29 2
0 2 23 27 2 29 33 2
0 27 23 24 33 29 30 2
0 27 24 28 33 30 34 2
0 28 24 20 34 30 26 2
0 28 20 25 34 26 31 2
0 29 25 26 35 31 32 2
0 29 26 30 35 32 36 2
0 30 26 0 36 32 0 2
0 30 0 3 36 0 3 2
0 4 2 27 4 2 33 2
0 4 27 31 4 33 37 2
0 31 27 28 37 33 34 2
0 31 28 32 37 34 38 2
0 32 28 25 38 34 31 2
0 32 25 29 38 31 35 2
"Braço Esquerdo" 0 -1
33
0 9.883332 22.222773 0.750000 0.000000 0.000000 -1
0 9.874999 22.206104 3.757576 0.000000 0.000000 -1
0 11.986161 13.024018 4.174255 0.000000 0.000000 -1
0 6.739528 19.493460 4.306821 0.000000 0.000000 -1
0 7.541667 19.931107 -0.333333 0.000000 0.000000 -1
0 7.974177 11.970429 0.500020 0.000000 0.000000 -1
0 7.860221 11.830700 3.527978 0.000000 0.000000 -1
0 8.327847 10.063919 0.500020 0.000000 0.000000 -1
0 8.566665 20.972771 -0.500000 0.000000 0.000000 -1
0 7.500000 22.029587 -1.492424 0.000000 0.000000 -1
0 6.583333 24.889439 0.833333 0.000000 0.000000 -1
0 6.750000 24.593981 4.045455 0.000000 0.000000 -1
0 8.524999 20.972775 4.916667 0.000000 0.000000 -1
0 10.190701 12.442070 4.916687 0.000000 0.000000 -1
0 12.003211 12.932458 0.750000 0.000000 0.000000 -1
0 10.230772 12.430579 -0.500000 0.000000 0.000000 -1
0 8.069364 10.098572 3.527978 0.000000 0.000000 -1
0 10.576009 10.479879 4.916687 0.000000 0.000000 -1
0 12.344665 10.751409 4.174255 0.000000 0.000000 -1
0 12.339023 10.658398 0.750000 0.000000 0.000000 -1
0 10.612084 10.459058 -0.500000 0.000000 0.000000 -1
0 9.392888 1.492781 3.652978 0.000000 0.000000 -1
0 11.701645 1.411645 4.916687 0.000000 0.000000 -1
0 13.534540 1.501135 4.174255 0.000000 0.000000 -1
0 13.530525 1.408039 0.750000 0.000000 0.000000 -1
0 11.738077 1.391457 -0.500000 0.000000 0.000000 -1
0 9.370967 1.537879 0.625020 0.000000 0.000000 -1
0 10.737113 1.390875 2.806800 0.000000 0.000000 -1
0 11.807429 1.411621 3.570533 0.000000 0.000000 -1
0 12.670810 1.393467 2.789640 0.000000 0.000000 -1
0 12.657166 1.398405 1.557692 0.000000 0.000000 -1
0 11.795790 1.410710 0.538461 0.000000 0.000000 -1
0 10.744047 1.399441 1.625000 0.000000 0.000000 -1
39
0.934610 0.213946 -0.284134
0.727350 0.175684 0.663399
0.809682 0.172068 0.561077
-0.936495 -0.146365 0.318677
-0.581835 -0.083374 -0.809022
-0.799842 -0.128033 -0.586396
-0.846206 -0.147773 0.511955
-0.811176 -0.118707 -0.572628
0.528533 -0.233090 -0.816285
0.656081 0.161742 -0.737155
0.684279 0.536528 -0.493863
0.506041 0.829515 -0.236279
0.599597 0.728201 0.331974
0.291385 0.559683 0.775790
0.007569 0.237411 0.971380
0.805362 -0.331386 -0.491503
0.675247 -0.087527 0.732380
-0.048337 -0.042514 0.997926
-0.032238 0.011015 0.999420
0.875123 0.159861 -0.456732
0.366569 0.078666 -0.927059
0.145464 0.015461 -0.989243
-0.867531 -0.119308 0.482862
-0.057037 -0.006459 0.998351
0.823510 0.117357 0.555031
0.878086 0.125497 -0.461753
0.105173 0.011429 -0.994388
-0.504789 -0.758853 0.411498
0.070742 -0.729068 0.680775
0.659509 -0.704076 0.263296
0.577541 -0.702367 -0.416085
-0.083566 -0.758050 -0.646821
-0.598456 -0.765160 -0.237446
-0.645168 -0.747355 0.158805
-0.065654 -0.759998 0.646601
0.629644 -0.636297 0.445729
0.768132 -0.613253 -0.184103
0.197571 -0.779452 -0.594492
-0.598311 -0.729534 -0.331368
55
0 0 1 2 0 1 2 2
0 3 4 5 3 4 5 2
0 6 5 7 6 5 7 2
0 8 9 0 8 9 10 1
0 0 9 10 10 9 11 1
0 1 0 10 12 10 11 1
0 11 1 10 13 12 11 1
0 12 1 11 14 12 13 1
0 8 4 9 8 15 9 1
0 12 11 3 14 13 16 1
0 12 3 6 17 3 6 2
0 13 12 6 18 17 6 2
0 1 12 13 1 17 18 2
0 2 1 13 2 1 18 2
0 14 0 2 19 0 2 2
0 8 0 14 20 0 19 2
0 15 8 14 21 20 19 2
0 4 8 15 4 20 21 2
0 5 4 15 5 4 21 2
0 6 3 5 6 3 5 2
0 13 6 16 18 6 22 2
0 17 13 16 23 18 22 2
0 2 13 17 2 18 23 2
0 18 2 17 24 2 23 2
0 14 2 18 19 2 24 2
0 19 14 18 25 19 24 2
0 15 14 19 21 19 25 2
0 20 15 19 26 21 25 2
0 5 15 20 5 21 26 2
0 7 5 20 7 5 26 2
0 16 6 7 22 6 7 2
0 17 16 21 23 22 27 2
0 22 17 21 28 23 27 2
0 18 17 22 24 23 28 2
0 23 18 22 29 24 28 2
0 19 18 23 25 24 29 2
0 24 19 23 30 25 29 2
0 20 19 24 26 25 30 2
0 25 20 24 31 26 30 2
0 7 20 25 7 26 31 2
0 26 7 25 32 7 31 2
0 16 7 26 22 7 32 2
0 21 16 26 27 22 32 2
0 22 21 27 28 27 33 2
0 28 22 27 34 28 33 2
0 23 22 28 29 28 34 2
0 29 23 28 35 29 34 2
0 24 23 29 30 29 35 2
0 30 24 29 36 30 35 2
0 25 24 30 31 30 36 2
0 31 25 30 37 31 36 2
0 26 25 31 32 31 37 2
0 32 26 31 38 32 37 2
0 21 26 32 27 32 38 2
0 27 21 32 33 27 38 2
"Tronco Frente" 0 -1
40
0 -6.333334 10.669740 -0.818182 0.000000 0.000000 -1
0 -6.821429 0.061098 0.380531 0.000000 0.000000 -1
0 -6.571430 -0.086754 4.848485 0.000000 0.000000 -1
0 -7.541667 19.931107 -0.333333 0.000000 0.000000 -1
0 -6.583334 16.722769 -0.840909 0.000000 0.000000 -1
0 -6.739528 19.493460 4.306821 0.000000 0.000000 -1
0 -6.750000 24.593981 4.045455 0.000000 0.000000 -1
0 -2.374538 26.662844 2.657143 0.000000 0.000000 -1
0 -6.583333 24.889439 0.833333 0.000000 0.000000 -1
0 6.404764 -0.253420 4.848485 0.000000 0.000000 -1
0 6.654762 -0.105568 0.380531 0.000000 0.000000 -1
0 6.333334 10.669740 -0.818182 0.000000 0.000000 -1
0 6.739528 19.493460 4.306821 0.000000 0.000000 -1
0 6.583334 16.722769 -0.840909 0.000000 0.000000 -1
0 7.541667 19.931107 -0.333333 0.000000 0.000000 -1
0 6.583333 24.889439 0.833333 0.000000 0.000000 -1
0 2.374538 26.662844 2.657143 0.000000 0.000000 -1
0 6.750000 24.593981 4.045455 0.000000 0.000000 -1
0 -3.893163 -0.117472 -2.000000 0.000000 0.000000 -1
0 0.000000 10.919741 -4.363636 0.000000 0.000000 -1
0 0.000000 -0.324989 -2.877470 0.000000 0.000000 -1
0 -4.666667 10.389438 -3.181818 0.000000 0.000000 -1
0 0.000000 16.290953 -5.090909 0.000000 0.000000 -1
0 -4.666667 15.843985 -3.909090 0.000000 0.000000 -1
0 0.000000 20.503075 -4.909091 0.000000 0.000000 -1
0 -5.000000 19.897015 -4.181818 0.000000 0.000000 -1
0 0.000000 25.159786 -2.846753 0.000000 0.000000 -1
0 -5.000000 24.116711 -2.272727 0.000000 0.000000 -1
0 -1.904762 26.087923 -0.002597 0.000000 0.000000 -1
0 -7.500000 22.029587 -1.492424 0.000000 0.000000 -1
0 -6.416668 10.298528 4.212121 0.000000 0.000000 -1
0 0.000000 26.379240 -1.542857 0.000000 0.000000 -1
0 3.893163 -0.117472 -2.000000 0.000000 0.000000 -1
0 4.666667 10.389438 -3.181818 0.000000 0.000000 -1
0 4.666667 15.843985 -3.909090 0.000000 0.000000 -1
0 5.000000 19.897015 -4.181818 0.000000 0.000000 -1
0 5.000000 24.116711 -2.272727 0.000000 0.000000 -1
0 1.904762 26.087923 -0.002597 0.000000 0.000000 -1
0 7.500000 22.029587 -1.492424 0.000000 0.000000 -1
0 6.416668 10.298528 4.212121 0.000000 0.000000 -1
45
-0.957815 -0.020111 -0.286682
-0.885085 -0.038823 -0.463807
-0.921620 0.050681 0.384769
-0.805362 -0.331386 -0.491503
-0.959041 -0.119345 -0.256897
-0.675247 -0.087527 0.732380
-0.291385 0.559683 0.775790
-0.306883 0.906255 0.290731
-0.506041 0.829515 -0.236279
0.925090 0.034965 0.378135
0.888380 -0.048769 -0.456511
0.957630 -0.027860 -0.286652
0.675247 -0.087527 0.732380
0.959041 -0.119345 -0.256897
0.805362 -0.331386 -0.491503
0.506041 0.829515 -0.236279
0.306883 0.906255 0.290731
0.291385 0.559683 0.775790
-0.370009 -0.131532 -0.919670
-0.228034 -0.127923 -0.965213
-0.224544 -0.127680 -0.966063
-0.521520 -0.109288 -0.846211
-0.237563 -0.072705 -0.968647
-0.569961 -0.069220 -0.818751
0.000000 0.126003 -0.992030
-0.563365 0.085587 -0.821763
-0.303588 0.601393 -0.739027
-0.403751 0.662712 -0.630712
-0.347489 0.840424 -0.415860
-0.656081 0.161742 -0.737155
-0.798134 0.017518 0.602225
-0.553191 0.608430 -0.569028
0.224544 -0.127680 -0.966063
0.228034 -0.127923 -0.965213
0.376849 -0.131722 -0.916861
0.524908 -0.111411 -0.843836
0.237563 -0.072705 -0.968647
0.569961 -0.069220 -0.818751
0.563365 0.085587 -0.821763
0.303588 0.601393 -0.739027
0.403751 0.662712 -0.630712
0.347489 0.840424 -0.415860
0.656081 0.161742 -0.737155
0.801025 0.012587 0.598499
0.553191 0.608430 -0.569028
54
0 0 1 2 0 1 2 1
0 3 4 5 3 4 5 1
0 6 7 8 6 7 8 1
0 9 10 11 9 10 11 1
0 12 13 14 12 13 14 1
0 15 16 17 15 16 17 1
0 18 19 20 18 19 20 1
0 21 19 18 21 19 18 1
0 19 21 22 19 21 22 1
0 22 21 23 22 21 23 1
0 22 23 24 22 23 24 1
0 23 25 24 23 25 24 1
0 24 25 26 24 25 26 1
0 25 27 26 25 27 26 1
0 27 28 26 27 28 26 1
0 21 18 1 21 18 1 1
0 21 1 0 21 1 0 1
0 23 21 0 23 21 0 1
0 23 0 4 23 0 4 1
0 25 23 4 25 23 4 1
0 27 25 29 27 25 29 1
0 0 2 30 0 2 30 1
0 4 0 30 4 0 30 1
0 5 4 30 5 4 30 1
0 3 25 4 3 25 4 1
0 29 25 3 29 25 3 1
0 28 27 8 28 27 8 1
0 8 27 29 8 27 29 1
0 28 8 7 28 8 7 1
0 31 26 28 31 26 28 1
0 20 19 32 32 33 34 1
0 32 19 33 34 33 35 1
0 22 33 19 36 35 33 1
0 34 33 22 37 35 36 1
0 24 34 22 24 37 36 1
0 24 35 34 24 38 37 1
0 26 35 24 39 38 24 1
0 26 36 35 39 40 38 1
0 26 37 36 39 41 40 1
0 10 32 33 10 34 35 1
0 11 10 33 11 10 35 1
0 11 33 34 11 35 37 1
0 13 11 34 13 11 37 1
0 13 34 35 13 37 38 1
0 38 35 36 42 38 40 1
0 39 9 11 43 9 11 1
0 39 11 13 43 11 13 1
0 39 13 12 43 13 12 1
0 13 35 14 13 38 14 1
0 14 35 38 14 38 42 1
0 15 36 37 15 40 41 1
0 38 36 15 42 40 15 1
0 16 15 37 16 15 41 1
0 37 26 31 41 39 44 1
"Tronco Tras" 0 -1
17
0 -6.739528 19.493460 4.306821 0.000000 0.000000 -1
0 -6.416668 10.298528 4.212121 0.000000 0.000000 -1
0 0.000000 10.684890 5.575758 0.000000 0.000000 -1
0 0.000000 20.472769 6.181818 0.000000 0.000000 -1
0 -6.750000 24.593981 4.045455 0.000000 0.000000 -1
0 0.000000 25.306101 5.090909 0.000000 0.000000 -1
0 -3.936849 -0.141450 5.826087 0.000000 0.000000 -1
0 -6.571430 -0.086754 4.848485 0.000000 0.000000 -1
0 0.000000 -0.342279 6.521739 0.000000 0.000000 -1
0 -2.374538 26.662844 2.657143 0.000000 0.000000 -1
0 0.000000 26.898558 3.342857 0.000000 0.000000 -1
0 6.416668 10.298528 4.212121 0.000000 0.000000 -1
0 6.739528 19.493460 4.306821 0.000000 0.000000 -1
0 6.750000 24.593981 4.045455 0.000000 0.000000 -1
0 6.404764 -0.253420 4.848485 0.000000 0.000000 -1
0 3.936849 -0.141450 5.826087 0.000000 0.000000 -1
0 2.374538 26.662844 2.657143 0.000000 0.000000 -1
24
-0.233307 -0.038534 0.971639
-0.798134 0.017518 0.602225
-0.212629 0.026824 0.976765
-0.236944 0.069142 0.969060
-0.291385 0.559683 0.775790
-0.211708 0.596635 0.774085
-0.675247 -0.087527 0.732380
-0.243388 0.082438 0.966419
-0.921620 0.050681 0.384769
-0.169220 0.084240 0.981972
-0.306883 0.906255 0.290731
-0.258736 0.714068 0.650509
0.212629 0.026824 0.976765
0.801025 0.012587 0.598499
0.233307 -0.038534 0.971639
0.236944 0.069142 0.969060
0.211708 0.596635 0.774085
0.291385 0.559683 0.775790
0.675247 -0.087527 0.732380
0.925090 0.034965 0.378135
0.251614 0.080178 0.964501
0.169220 0.084240 0.981972
0.306883 0.906255 0.290731
0.258736 0.714068 0.650509
18
0 0 1 2 0 1 2 1
0 0 2 3 0 2 3 1
0 4 3 5 4 3 5 1
0 4 0 3 4 6 3 1
0 6 1 7 7 1 8 1
0 1 6 2 1 7 2 1
0 2 6 8 2 7 9 1
0 9 4 5 10 4 5 1
0 5 10 9 5 11 10 1
0 2 11 12 12 13 14 1
0 3 2 12 15 12 14 1
0 5 3 13 16 15 17 1
0 3 12 13 15 18 17 1
0 14 11 15 19 13 20 1
0 2 15 11 12 20 13 1
0 8 15 2 21 20 12 1
0 5 13 16 16 17 22 1
0 16 10 5 22 23 16 1
"Perna Frente" 0 -1
30
0 -1.082859 -12.619611 0.209516 0.000000 0.000000 -1
0 0.000000 -0.324989 -2.877470 0.000000 0.000000 -1
0 0.000000 -0.342279 6.521739 0.000000 0.000000 -1
0 -1.044127 -12.669952 4.391294 0.000000 0.000000 -1
0 -8.117761 -12.596036 0.206641 0.000000 0.000000 -1
0 -6.821429 0.061098 0.380531 0.000000 0.000000 -1
0 -3.893163 -0.117472 -2.000000 0.000000 0.000000 -1
0 -4.825021 -12.927315 -1.478261 0.000000 0.000000 -1
0 -1.356317 -15.616560 0.166042 0.000000 0.000000 -1
0 -1.317037 -15.618005 4.478237 0.000000 0.000000 -1
0 -8.282190 -15.457276 0.206631 0.000000 0.000000 -1
0 -5.140697 -15.574739 -1.000000 0.000000 0.000000 -1
0 -2.100923 -31.891413 3.166042 0.000000 0.000000 -1
0 -2.061616 -31.891489 7.478237 0.000000 0.000000 -1
0 -9.542301 -31.644417 3.206630 0.000000 0.000000 -1
0 -6.136381 -31.998304 1.304348 0.000000 0.000000 -1
0 1.082859 -12.619611 0.209516 0.000000 0.000000 -1
0 1.044127 -12.669952 4.391294 0.000000 0.000000 -1
0 3.893163 -0.117472 -2.000000 0.000000 0.000000 -1
0 6.654762 -0.105568 0.380531 0.000000 0.000000 -1
0 8.117761 -12.596036 0.206641 0.000000 0.000000 -1
0 4.825021 -12.927315 -1.478261 0.000000 0.000000 -1
0 1.356317 -15.616560 0.166042 0.000000 0.000000 -1
0 1.317037 -15.618005 4.478237 0.000000 0.000000 -1
0 8.282190 -15.457276 0.206631 0.000000 0.000000 -1
0 5.140697 -15.574739 -1.000000 0.000000 0.000000 -1
0 2.100923 -31.891413 3.166042 0.000000 0.000000 -1
0 2.061616 -31.891489 7.478237 0.000000 0.000000 -1
0 9.542301 -31.644417 3.206630 0.000000 0.000000 -1
0 6.136381 -31.998304 1.304348 0.000000 0.000000 -1
32
0.823651 -0.148031 -0.547436
0.533929 -0.164754 -0.829322
0.872725 -0.155545 0.462770
0.764322 -0.102258 0.636675
-0.885569 0.061406 -0.460431
-0.965658 0.100904 -0.239424
-0.442403 0.016321 -0.896668
-0.119555 -0.107089 -0.987035
0.810973 -0.117263 -0.573212
0.810263 -0.006672 0.586028
-0.853142 -0.000442 -0.521679
-0.038192 -0.131748 -0.990547
0.573656 -0.794967 -0.197345
0.418868 -0.756610 0.502086
-0.551561 -0.725857 -0.410989
0.034825 -0.798842 -0.600533
-0.872725 -0.155545 0.462770
-0.533929 -0.164754 -0.829322
-0.823651 -0.148031 -0.547436
-0.764322 -0.102258 0.636675
0.451773 0.020406 -0.891900
0.966422 0.115129 -0.229727
0.887912 0.066400 -0.455195
0.119555 -0.107089 -0.987035
-0.810973 -0.117263 -0.573212
-0.810263 -0.006672 0.586028
0.853142 -0.000442 -0.521679
0.038192 -0.131748 -0.990547
-0.573656 -0.794967 -0.197345
-0.418868 -0.756610 0.502086
0.551561 -0.725857 -0.410989
-0.034825 -0.798842 -0.600533
36
0 0 1 2 0 1 2 2
0 0 2 3 0 2 3 2
0 4 5 6 4 5 6 2
0 4 6 7 4 6 7 2
0 7 6 1 7 6 1 2
0 7 1 0 7 1 0 2
0 8 0 3 8 0 3 2
0 8 3 9 8 3 9 2
0 10 4 7 10 4 7 2
0 10 7 11 10 7 11 2
0 11 7 0 11 7 0 2
0 11 0 8 11 0 8 2
0 12 8 9 12 8 9 2
0 12 9 13 12 9 13 2
0 14 10 11 14 10 11 2
0 14 11 15 14 11 15 2
0 15 11 8 15 11 8 2
0 15 8 12 15 8 12 2
0 2 1 16 16 17 18 2
0 17 2 16 19 16 18 2
0 18 19 20 20 21 22 2
0 21 18 20 23 20 22 2
0 1 18 21 17 20 23 2
0 16 1 21 18 17 23 2
0 17 16 22 19 18 24 2
0 23 17 22 25 19 24 2
0 21 20 24 23 22 26 2
0 25 21 24 27 23 26 2
0 16 21 25 18 23 27 2
0 22 16 25 24 18 27 2
0 23 22 26 25 24 28 2
0 27 23 26 29 25 28 2
0 25 24 28 27 26 30 2
0 29 25 28 31 27 30 2
0 22 25 29 24 27 31 2
0 26 22 29 28 24 31 2
"Perna Tras" 0 -1
31
0 -1.044127 -12.669952 4.391294 0.000000 0.000000 -1
0 0.000000 -0.342279 6.521739 0.000000 0.000000 -1
0 -3.936849 -0.141450 5.826087 0.000000 0.000000 -1
0 -4.860359 -12.788486 5.608719 0.000000 0.000000 -1
0 -6.571430 -0.086754 4.848485 0.000000 0.000000 -1
0 -7.836681 -12.669284 4.326772 0.000000 0.000000 -1
0 -6.821429 0.061098 0.380531 0.000000 0.000000 -1
0 -8.117761 -12.596036 0.206641 0.000000 0.000000 -1
0 -1.317037 -15.618005 4.478237 0.000000 0.000000 -1
0 -5.176856 -15.527898 5.695647 0.000000 0.000000 -1
0 -7.993667 -15.534165 4.457207 0.000000 0.000000 -1
0 -8.282190 -15.457276 0.206631 0.000000 0.000000 -1
0 -2.061616 -31.891489 7.478237 0.000000 0.000000 -1
0 -6.172635 -31.996199 8.565212 0.000000 0.000000 -1
0 -9.252784 -31.667740 8.152859 0.000000 0.000000 -1
0 -9.542301 -31.644417 3.206630 0.000000 0.000000 -1
0 3.936849 -0.141450 5.826087 0.000000 0.000000 -1
0 1.044127 -12.669952 4.391294 0.000000 0.000000 -1
0 4.860359 -12.788486 5.608719 0.000000 0.000000 -1
0 6.404764 -0.253420 4.848485 0.000000 0.000000 -1
0 7.836681 -12.669284 4.326772 0.000000 0.000000 -1
0 6.654762 -0.105568 0.380531 0.000000 0.000000 -1
0 8.117761 -12.596036 0.206641 0.000000 0.000000 -1
0 1.317037 -15.618005 4.478237 0.000000 0.000000 -1
0 5.176856 -15.527898 5.695647 0.000000 0.000000 -1
0 7.993667 -15.534165 4.457207 0.000000 0.000000 -1
0 8.282190 -15.457276 0.206631 0.000000 0.000000 -1
0 2.061616 -31.891489 7.478237 0.000000 0.000000 -1
0 6.172635 -31.996199 8.565212 0.000000 0.000000 -1
0 9.252784 -31.667740 8.152859 0.000000 0.000000 -1
0 9.542301 -31.644417 3.206630 0.000000 0.000000 -1
32
0.764322 -0.102258 0.636675
0.872725 -0.155545 0.462770
-0.077357 -0.063323 0.994990
-0.040065 0.007492 0.999169
-0.671230 0.041907 0.740064
-0.814359 0.077225 0.575201
-0.965658 0.100904 -0.239424
-0.885569 0.061406 -0.460431
0.810263 -0.006672 0.586028
-0.060401 0.111180 0.991963
-0.785339 0.137862 0.603520
-0.853142 -0.000442 -0.521679
0.418868 -0.756610 0.502086
-0.151907 -0.718162 0.679094
-0.663645 -0.702040 0.258291
-0.551561 -0.725857 -0.410989
0.084846 -0.062882 0.994408
-0.872725 -0.155545 0.462770
-0.764322 -0.102258 0.636675
0.043810 0.008741 0.999002
0.676490 0.050028 0.734750
0.813649 0.083888 0.575273
0.966422 0.115129 -0.229727
0.887912 0.066400 -0.455195
-0.810263 -0.006672 0.586028
0.060401 0.111180 0.991963
0.785339 0.137862 0.603520
0.853142 -0.000442 -0.521679
-0.418868 -0.756610 0.502086
0.151907 -0.718162 0.679094
0.663645 -0.702040 0.258291
0.551561 -0.725857 -0.410989
36
0 0 1 2 0 1 2 2
0 0 2 3 0 2 3 2
0 3 2 4 3 2 4 2
0 3 4 5 3 4 5 2
0 5 4 6 5 4 6 2
0 5 6 7 5 6 7 2
0 8 0 3 8 0 3 2
0 8 3 9 8 3 9 2
0 9 3 5 9 3 5 2
0 9 5 10 9 5 10 2
0 10 5 7 10 5 7 2
0 10 7 11 10 7 11 2
0 12 8 9 12 8 9 2
0 12 9 13 12 9 13 2
0 13 9 10 13 9 10 2
0 13 10 14 13 10 14 2
0 14 10 11 14 10 11 2
0 14 11 15 14 11 15 2
0 16 1 17 16 17 18 2
0 18 16 17 19 16 18 2
0 19 16 18 20 16 19 2
0 20 19 18 21 20 19 2
0 21 19 20 22 20 21 2
0 22 21 20 23 22 21 2
0 18 17 23 19 18 24 2
0 24 18 23 25 19 24 2
0 20 18 24 21 19 25 2
0 25 20 24 26 21 25 2
0 22 20 25 23 21 26 2
0 26 22 25 27 23 26 2
0 24 23 27 25 24 28 2
0 28 24 27 29 25 28 2
0 25 24 28 26 25 29 2
0 29 25 28 30 26 29 2
0 26 25 29 27 26 30 2
0 30 26 29 31 27 30 2
"Pe Esquerdo" 0 -1
30
0 4.392374 -37.506290 -2.348733 0.000000 0.000000 -1
0 6.874878 -37.338646 7.695618 0.000000 0.000000 -1
0 4.387613 -37.367455 5.870544 0.000000 0.000000 -1
0 9.154846 -37.485519 -2.374812 0.000000 0.000000 -1
0 9.174866 -37.363171 5.849487 0.000000 0.000000 -1
0 6.873047 -37.512497 -3.248774 0.000000 0.000000 -1
0 6.135715 -31.817339 7.907185 0.000000 0.000000 -1
0 4.257208 -31.846189 6.733253 0.000000 0.000000 -1
0 4.909376 -33.408421 6.000415 0.000000 0.000000 -1
0 6.266177 -33.379612 6.965002 0.000000 0.000000 -1
0 4.261979 -31.849264 4.807346 0.000000 0.000000 -1
0 4.914137 -33.424717 4.663967 0.000000 0.000000 -1
0 8.435737 -31.834223 6.731454 0.000000 0.000000 -1
0 8.000947 -33.454136 5.979358 0.000000 0.000000 -1
0 8.415727 -31.854155 4.809473 0.000000 0.000000 -1
0 7.980927 -33.487278 4.704555 0.000000 0.000000 -1
0 6.133883 -31.826544 3.168060 0.000000 0.000000 -1
0 6.264346 -33.412022 3.063137 0.000000 0.000000 -1
0 4.387634 -36.127132 5.956280 0.000000 0.000000 -1
0 6.874870 -36.098324 7.781332 0.000000 0.000000 -1
0 4.392395 -36.182636 -2.329670 0.000000 0.000000 -1
0 9.174856 -36.172848 5.935223 0.000000 0.000000 -1
0 9.154837 -36.245197 -2.289082 0.000000 0.000000 -1
0 6.873039 -36.146687 -3.163059 0.000000 0.000000 -1
0 6.172635 -31.996199 8.565212 0.000000 0.000000 -1
0 2.061616 -31.891489 7.478237 0.000000 0.000000 -1
0 9.252784 -31.667740 8.152859 0.000000 0.000000 -1
0 6.136381 -31.998304 1.304348 0.000000 0.000000 -1
0 9.542301 -31.644417 3.206630 0.000000 0.000000 -1
0 2.100923 -31.891413 3.166042 0.000000 0.000000 -1
36
0.002700 -0.999848 0.017227
0.001637 -0.999874 0.015783
-0.000812 -0.999857 0.016889
0.003396 -0.999857 0.016555
0.001275 -0.999889 0.014872
0.004466 -0.999806 0.019203
-0.053808 -0.922437 0.382381
-0.441603 -0.893572 0.080723
-0.876346 -0.179216 0.447101
-0.077220 -0.175216 0.981497
-0.503642 -0.808173 -0.305289
-0.930229 0.200094 -0.307628
0.444799 -0.830206 0.336024
0.884845 0.002400 0.465880
0.601360 -0.781312 -0.167086
0.881302 0.289339 -0.373618
0.153114 -0.810138 -0.565891
-0.165552 0.602409 -0.780830
-0.889309 0.063672 0.452853
-0.012633 0.113743 0.993430
-0.817715 0.302158 -0.489942
0.885357 0.177835 0.429556
0.804787 0.483218 -0.344700
-0.004929 0.579922 -0.814657
-0.803794 -0.041011 0.593493
0.267693 -0.067344 0.961148
-0.927817 0.005400 -0.372996
0.958959 -0.020365 0.282814
0.676090 0.048485 -0.735222
-0.106853 0.046316 -0.993196
0.151907 -0.718162 0.679094
-0.418868 -0.756610 0.502086
0.663645 -0.702040 0.258291
-0.034825 -0.798842 -0.600533
0.551561 -0.725857 -0.410989
-0.573656 -0.794967 -0.197345
52
0 0 1 2 0 1 2 1
0 3 4 1 3 4 1 1
0 0 5 3 0 5 3 1
0 0 3 1 0 3 1 1
0 6 7 8 6 7 8 2
0 9 6 8 9 6 8 2
0 7 10 11 7 10 11 2
0 8 7 11 8 7 11 2
0 12 6 9 12 6 9 2
0 13 12 9 13 12 9 2
0 14 12 13 14 12 13 2
0 15 14 13 15 14 13 2
0 16 14 15 16 14 15 2
0 17 16 15 17 16 15 2
0 10 16 17 10 16 17 2
0 11 10 17 11 10 17 2
0 9 8 18 9 8 18 2
0 19 9 18 19 9 18 2
0 8 11 20 8 11 20 2
0 18 8 20 18 8 20 2
0 13 9 19 13 9 19 2
0 21 13 19 21 13 19 2
0 15 13 21 15 13 21 2
0 22 15 21 22 15 21 2
0 17 15 22 17 15 22 2
0 23 17 22 23 17 22 2
0 11 17 23 11 17 23 2
0 20 11 23 20 11 23 2
0 19 18 2 19 18 24 2
0 1 19 2 25 19 24 2
0 18 20 0 18 20 26 2
0 2 18 0 24 18 26 2
0 21 19 1 21 19 25 2
0 4 21 1 27 21 25 2
0 22 21 4 22 21 27 2
0 3 22 4 28 22 27 2
0 23 22 3 23 22 28 2
0 5 23 3 29 23 28 2
0 20 23 5 20 23 29 2
0 0 20 5 26 20 29 2
0 24 25 7 30 31 7 2
0 6 24 7 6 30 7 2
0 26 24 6 32 30 6 2
0 27 28 14 33 34 14 2
0 25 29 10 31 35 10 2
0 7 25 10 7 31 10 2
0 12 26 6 12 32 6 2
0 28 26 12 34 32 12 2
0 14 28 12 14 34 12 2
0 16 27 14 16 33 14 2
0 29 27 16 35 33 16 2
0 10 29 16 10 35 16 2
"Pe Direito" 0 -1
30
0 -4.909376 -33.408421 6.000415 0.000000 0.000000 -1
0 -4.257208 -31.846189 6.733253 0.000000 0.000000 -1
0 -6.135715 -31.817339 7.907185 0.000000 0.000000 -1
0 -4.914137 -33.424717 4.663967 0.000000 0.000000 -1
0 -4.261979 -31.849264 4.807346 0.000000 0.000000 -1
0 -6.266177 -33.379612 6.965002 0.000000 0.000000 -1
0 -8.435737 -31.834223 6.731454 0.000000 0.000000 -1
0 -8.000947 -33.454136 5.979358 0.000000 0.000000 -1
0 -8.415727 -31.854155 4.809473 0.000000 0.000000 -1
0 -7.980927 -33.487278 4.704555 0.000000 0.000000 -1
0 -6.133883 -31.826544 3.168060 0.000000 0.000000 -1
0 -6.264346 -33.412022 3.063137 0.000000 0.000000 -1
0 -4.387613 -37.367455 5.870544 0.000000 0.000000 -1
0 -6.874878 -37.338646 7.695618 0.000000 0.000000 -1
0 -4.392374 -37.506290 -2.348733 0.000000 0.000000 -1
0 -9.174866 -37.363171 5.849487 0.000000 0.000000 -1
0 -9.154846 -37.485519 -2.374812 0.000000 0.000000 -1
0 -6.873047 -37.512497 -3.248774 0.000000 0.000000 -1
0 -4.387634 -36.127132 5.956280 0.000000 0.000000 -1
0 -6.874870 -36.098324 7.781332 0.000000 0.000000 -1
0 -4.392395 -36.182636 -2.329670 0.000000 0.000000 -1
0 -9.174856 -36.172848 5.935223 0.000000 0.000000 -1
0 -9.154837 -36.245197 -2.289082 0.000000 0.000000 -1
0 -6.873039 -36.146687 -3.163059 0.000000 0.000000 -1
0 -2.061616 -31.891489 7.478237 0.000000 0.000000 -1
0 -6.172635 -31.996199 8.565212 0.000000 0.000000 -1
0 -9.252784 -31.667740 8.152859 0.000000 0.000000 -1
0 -9.542301 -31.644417 3.206630 0.000000 0.000000 -1
0 -6.136381 -31.998304 1.304348 0.000000 0.000000 -1
0 -2.100923 -31.891413 3.166042 0.000000 0.000000 -1
36
0.876346 -0.179216 0.447101
0.441603 -0.893572 0.080723
0.053808 -0.922437 0.382381
0.930229 0.200094 -0.307628
0.503642 -0.808173 -0.305289
0.077220 -0.175216 0.981497
-0.444799 -0.830206 0.336024
-0.884845 0.002400 0.465880
-0.601360 -0.781312 -0.167086
-0.881302 0.289339 -0.373618
-0.153114 -0.810138 -0.565891
0.165552 0.602409 -0.780830
0.000812 -0.999857 0.016889
-0.001637 -0.999874 0.015783
-0.002700 -0.999848 0.017227
-0.001275 -0.999889 0.014872
-0.003396 -0.999857 0.016555
-0.004466 -0.999806 0.019203
0.889309 0.063672 0.452853
0.012633 0.113743 0.993430
0.817715 0.302158 -0.489942
-0.885357 0.177835 0.429556
-0.804787 0.483218 -0.344700
0.004929 0.579922 -0.814657
0.803794 -0.041011 0.593493
-0.267693 -0.067344 0.961148
0.927817 0.005400 -0.372996
-0.958959 -0.020365 0.282814
-0.676090 0.048485 -0.735222
0.106853 0.046316 -0.993196
0.418868 -0.756610 0.502086
-0.151907 -0.718162 0.679094
-0.663645 -0.702040 0.258291
-0.551561 -0.725857 -0.410989
0.034825 -0.798842 -0.600533
0.573656 -0.794967 -0.197345
52
0 0 1 2 0 1 2 2
0 3 4 1 3 4 1 2
0 5 2 6 5 2 6 2
0 7 6 8 7 6 8 2
0 9 8 10 9 8 10 2
0 11 10 4 11 10 4 2
0 12 13 14 12 13 14 1
0 13 15 16 13 15 16 1
0 16 17 14 16 17 14 1
0 13 16 14 13 16 14 1
0 0 2 5 0 2 5 2
0 3 1 0 3 1 0 2
0 5 6 7 5 6 7 2
0 7 8 9 7 8 9 2
0 9 10 11 9 10 11 2
0 11 4 3 11 4 3 2
0 18 0 5 18 0 5 2
0 18 5 19 18 5 19 2
0 20 3 0 20 3 0 2
0 20 0 18 20 0 18 2
0 19 5 7 19 5 7 2
0 19 7 21 19 7 21 2
0 21 7 9 21 7 9 2
0 21 9 22 21 9 22 2
0 22 9 11 22 9 11 2
0 22 11 23 22 11 23 2
0 23 11 3 23 11 3 2
0 23 3 20 23 3 20 2
0 12 18 19 24 18 19 2
0 12 19 13 24 19 25 2
0 14 20 18 26 20 18 2
0 14 18 12 26 18 24 2
0 13 19 21 25 19 21 2
0 13 21 15 25 21 27 2
0 15 21 22 27 21 22 2
0 15 22 16 27 22 28 2
0 16 22 23 28 22 23 2
0 16 23 17 28 23 29 2
0 17 23 20 29 23 20 2
0 17 20 14 29 20 26 2
0 1 24 25 1 30 31 2
0 1 25 2 1 31 2 2
0 2 25 26 2 31 32 2
0 8 27 28 8 33 34 2
0 4 29 24 4 35 30 2
0 4 24 1 4 30 1 2
0 2 26 6 2 32 6 2
0 6 26 27 6 32 33 2
0 6 27 8 6 33 8 2
0 8 28 10 8 34 10 2
0 10 28 29 10 34 35 2
0 10 29 4 10 35 4 2

Materials: 0

Bones: 0
